Sim,TempRead,TempControl,HumidRead,HumidControl
1,3.0,22.768895078922935,95.0,49.560420061560755
2,4.0,22.768895078922935,100.0,49.560420061560755
3,5.0,22.768895078922935,100.0,49.560420061560755
4,7.0,22.768895078922935,85.0,49.560420061560755
5,8.0,22.768895078922935,45.0,56.560106453544265
6,6.0,22.768895078922935,45.0,56.6206961257714
7,3.0,22.768895078922935,55.0,51.53958948405067
8,1.0,22.768895078922935,60.0,50.47726604907083
9,-1.0,22.768895078922935,60.0,50.486090179512345
10,-3.0,22.768895078922935,55.0,51.57740332763057
11,0.0,22.768895078922935,45.0,56.55751205183085
12,4.0,22.768895078922935,30.0,57.95769230769231
13,5.0,22.768895078922935,30.0,57.95769230769231
14,3.0,22.768895078922935,35.0,57.95769230769231
15,0.0,22.768895078922935,55.0,51.55586344485824
16,-2.0,22.768895078922935,75.0,49.560420061560755
17,-1.0,22.768895078922935,60.0,50.50610971749969
18,-3.0,22.768895078922935,55.0,51.560723277330396
19,0.0,22.768895078922935,45.0,56.63234619356621
20,4.0,22.768895078922935,30.0,57.95769230769231
21,18.0,22.768895078922935,40.0,57.95769230769231
22,15.0,22.768895078922935,55.0,51.58360089349906
23,12.0,22.768895078922935,70.0,49.560420061560755
24,10.0,22.768895078922935,80.0,49.560420061560755
25,10.0,22.768895078922935,90.0,49.560420061560755
26,10.0,22.768895078922935,95.0,49.560420061560755
27,10.0,22.768895078922935,95.0,49.560420061560755
28,13.0,22.768895078922935,70.0,49.560420061560755
29,17.0,22.768895078922935,55.0,51.559176930904854
30,14.0,22.768895078922935,65.0,49.560420061560755
31,8.0,22.768895078922935,85.0,49.560420061560755
32,6.0,22.768895078922935,95.0,49.560420061560755
33,5.0,22.768895078922935,95.0,49.560420061560755
34,4.0,22.768895078922935,100.0,49.560420061560755
35,7.0,22.768895078922935,95.0,49.560420061560755
36,17.0,22.768895078922935,45.0,56.604683369087056
37,22.0,21.791112345551294,35.0,57.95769230769231
38,18.0,22.768895078922935,45.0,56.725837804338106
39,12.0,22.768895078922935,60.0,50.43104441725978
40,10.0,22.768895078922935,75.0,49.560420061560755
41,8.0,22.768895078922935,80.0,49.560420061560755
42,7.0,22.768895078922935,85.0,49.560420061560755
43,13.0,22.768895078922935,70.0,49.560420061560755
44,21.0,22.768895078922935,40.0,57.95769230769231
45,23.0,20.818620023205302,30.0,57.95769230769231
46,18.0,22.768895078922935,40.0,57.95769230769231
47,12.0,22.768895078922935,65.0,49.560420061560755
48,9.0,22.768895078922935,75.0,49.560420061560755
49,9.0,22.768895078922935,80.0,49.560420061560755
50,9.0,22.768895078922935,90.0,49.560420061560755
51,11.0,22.768895078922935,90.0,49.560420061560755
52,9.0,22.768895078922935,85.0,49.560420061560755
53,6.0,22.768895078922935,90.0,49.560420061560755
54,5.0,22.768895078922935,80.0,49.560420061560755
55,2.0,22.768895078922935,80.0,49.560420061560755
56,0.0,22.768895078922935,70.0,49.560420061560755
57,-1.0,22.768895078922935,50.0,53.760916560840585
58,-2.0,22.768895078922935,50.0,54.027342998618344
59,1.0,22.768895078922935,40.0,57.8697041501264
60,4.0,22.768895078922935,30.0,57.95769230769231
61,6.0,22.768895078922935,30.0,57.95769230769231
62,4.0,22.768895078922935,35.0,57.95769230769231
63,1.0,22.768895078922935,60.0,50.50202252851785
64,0.0,22.768895078922935,65.0,49.58570822689244
65,-1.0,22.768895078922935,70.0,49.560420061560755
66,-1.0,22.768895078922935,70.0,49.560420061560755
67,5.0,22.768895078922935,50.0,53.76957219722625
68,13.0,22.768895078922935,30.0,57.95769230769231
69,15.0,22.768895078922935,25.0,57.95769230769231
70,13.0,22.768895078922935,40.0,57.9190117765248
71,8.0,22.768895078922935,65.0,49.560420061560755
72,6.0,22.768895078922935,70.0,49.560420061560755
73,6.0,22.768895078922935,90.0,49.560420061560755
74,7.0,22.768895078922935,90.0,49.560420061560755
75,11.0,22.768895078922935,75.0,49.560420061560755
76,15.0,22.768895078922935,55.0,51.53832490738675
77,14.0,22.768895078922935,65.0,49.560420061560755
78,10.0,22.768895078922935,60.0,50.44598266842706
79,6.0,22.768895078922935,55.0,51.63373755420076
80,3.0,22.768895078922935,50.0,53.865326141869815
81,1.0,22.768895078922935,55.0,51.647240633652856
82,-1.0,22.768895078922935,65.0,49.560420061560755
83,4.0,22.768895078922935,45.0,56.56080063424593
84,10.0,22.768895078922935,20.0,57.95769230769231
85,11.0,22.768895078922935,20.0,57.95769230769231
86,8.0,22.768895078922935,25.0,57.95769230769231
87,4.0,22.768895078922935,45.0,56.572530647072824
88,2.0,22.768895078922935,55.0,51.52303814215309
89,1.0,22.768895078922935,55.0,51.573393516698445
90,0.0,22.768895078922935,60.0,50.4569539642371
91,4.0,22.768895078922935,50.0,54.01056268471376
92,10.0,22.768895078922935,25.0,57.95769230769231
93,14.0,22.768895078922935,20.0,57.95769230769231
94,12.0,22.768895078922935,30.0,57.95769230769231
95,7.0,22.768895078922935,50.0,54.07832673624132
96,4.0,22.768895078922935,55.0,51.61113128054816
